0 47 98 0 94 1 0 1 89
0 49 93 1 84 0 0 1 87
0 51 95 1 89 1 0 1 83
0 45 96 0 94 1 0 0 101
0 46 87 0 81 1 0 0 72
1 48 90 0 83 1 0 1 68
0 52 94 0 88 1 0 1 84
1 41 88 0 84 1 0 1 75
1 54 90 0 83 1 0 0 76
0 52 95 0 86 1 0 0 92
1 47 89 1 85 1 0 1 69
0 46 85 0 72 1 1 0 76
1 44 99 0 87 1 1 0 83
1 47 91 1 74 1 1 1 71
0 51 94 0 84 1 1 0 78
1 47 91 1 77 1 1 1 70
0 52 88 0 79 1 1 0 79
1 47 94 0 78 1 1 0 74
1 47 91 0 88 1 0 0 95
0 48 93 0 88 0 0 0 93
1 47 97 0 84 1 1 0 85
0 53 94 0 89 1 0 1 73
0 37 94 1 85 0 0 0 89
0 50 95 0 83 0 1 0 85
0 52 92 0 94 1 0 1 90
1 47 93 1 86 0 0 0 78
1 48 92 1 81 1 1 1 69
1 46 98 0 80 1 1 0 73
1 57 93 1 85 1 0 0 83
0 40 99 1 93 1 0 1 82
1 40 96 0 75 1 1 0 75
0 51 98 0 93 1 0 1 91
1 42 102 0 94 1 0 1 86
0 47 90 1 88 1 0 1 81
0 47 89 1 87 0 0 0 86
1 45 96 0 92 1 0 0 91
1 42 109 0 103 1 0 0 98
0 56 93 0 80 1 1 0 84
0 54 100 1 85 1 1 1 80
1 55 95 1 82 1 1 1 69
0 50 95 1 85 1 1 1 73
1 43 93 1 76 1 1 1 72
0 52 97 1 91 1 0 0 84
1 44 92 1 79 1 1 1 71
0 57 91 0 86 1 0 0 83
0 50 94 0 91 1 0 1 83
1 49 92 0 87 1 0 1 76
1 48 93 1 87 1 0 0 78
0 44 95 0 90 1 0 0 92
1 47 95 0 85 1 1 0 77
0 41 86 0 82 1 0 0 77
0 40 89 0 79 1 1 0 79
1 52 93 0 82 1 1 0 76
0 48 97 0 91 0 0 0 92
0 59 100 1 92 1 0 1 90
0 52 96 1 92 1 0 1 82
1 53 102 0 82 1 1 0 79
1 53 94 0 84 1 1 0 81
0 49 96 0 93 1 0 1 82
1 53 90 0 78 1 1 0 68
1 48 95 1 81 1 1 1 70
0 45 94 0 83 1 1 0 82
0 44 102 1 99 1 0 0 100
1 59 95 0 78 1 1 0 73
0 47 101 0 97 1 0 1 100
1 53 102 0 97 1 0 0 94
0 50 89 0 84 1 0 1 74
1 51 96 0 89 1 0 1 78
1 42 96 1 82 1 1 1 70
1 49 103 1 92 1 1 1 72
0 50 98 1 86 0 1 1 89
0 53 87 1 75 0 1 1 76
0 43 96 1 96 1 0 1 87
0 48 94 0 91 1 0 0 89
0 41 96 0 89 1 0 0 88
1 49 95 0 80 1 1 0 73
0 53 94 1 91 1 0 0 88
0 56 91 1 85 1 0 0 77
1 47 94 0 76 1 1 0 76
0 55 104 1 105 0 0 0 103
0 49 94 0 86 1 0 1 75
1 54 98 1 79 1 1 1 69
0 50 94 1 81 1 1 1 81
1 52 92 1 85 1 0 1 77
1 57 95 1 82 1 1 1 69
1 41 91 1 82 1 0 0 73
0 52 99 0 101 1 0 0 95
0 61 95 1 88 1 0 1 84
1 52 106 1 99 1 0 0 85
1 55 101 0 92 1 0 0 87
0 52 93 1 86 1 0 0 80
1 42 92 1 82 1 1 1 71
1 48 94 1 80 1 1 1 72
1 51 96 0 82 1 1 0 77
1 49 93 1 90 1 0 0 84
0 45 94 1 92 1 0 1 86
1 48 104 0 93 1 1 0 83
0 47 99 0 97 1 0 1 87
0 58 91 1 97 0 0 1 91
0 46 93 0 93 1 0 0 83
1 56 85 0 81 0 0 1 70
1 46 98 0 84 1 1 0 70
0 48 96 0 93 1 0 0 90
0 51 103 0 93 1 0 1 84
1 44 86 1 83 1 0 1 72
1 47 95 1 84 1 1 1 74
0 58 89 0 83 0 0 0 88
1 53 96 0 83 1 1 0 72
1 51 102 1 80 1 1 1 70
1 55 90 1 78 1 1 1 76
1 46 100 0 90 1 0 0 81
0 45 94 0 83 1 1 0 77
0 52 98 0 79 1 1 0 71
0 53 91 0 84 1 0 1 76
1 51 86 0 71 1 1 0 69
0 58 96 1 95 1 0 1 93
0 45 93 1 81 1 1 1 74
0 53 91 0 83 1 0 0 89
0 47 88 0 84 1 0 1 69
0 45 97 1 89 1 0 1 89
0 56 100 1 102 1 0 1 91
0 53 88 1 83 0 0 1 86
0 43 92 0 88 0 0 1 90
1 50 94 1 79 1 1 1 71
0 55 86 0 83 1 0 1 74
1 40 92 1 84 0 0 1 73
1 52 99 1 81 1 1 1 70
0 43 100 1 94 1 0 1 82
0 42 102 0 97 1 0 1 81
0 50 93 0 80 1 1 0 74
1 52 92 1 80 0 1 1 76
0 52 94 1 85 1 0 0 84
1 52 94 1 88 1 0 0 80
1 48 91 0 78 1 1 0 79
0 41 96 0 86 1 1 0 81
0 40 93 1 88 0 0 1 87
0 55 93 0 91 0 0 0 89
0 49 92 1 87 1 0 0 84
0 45 100 1 99 0 0 0 97
0 50 96 0 85 1 1 0 84
0 42 97 1 91 1 0 1 85
0 42 101 0 99 0 0 1 97
1 52 89 1 85 1 0 0 73
0 48 104 1 101 1 0 0 102
1 55 90 1 78 1 1 1 68
1 51 90 0 84 1 0 1 71
0 44 95 1 79 1 1 1 74
1 47 99 1 89 1 1 1 80
1 38 98 0 85 1 1 0 78
0 51 103 0 95 1 0 1 92
